11.900000 -5.000000 15.000000 
11.800000 -5.000000 15.000000 
11.700000 -5.000000 15.000000 
11.600000 -5.000000 15.000000 
11.500000 -5.000000 15.000000 
11.400000 -5.000000 15.000000 
11.300000 -5.000000 15.000000 
11.200000 -5.000000 15.000000 
11.100000 -5.000000 15.000000 
11.000000 -5.000000 15.000000 
10.900000 -5.000000 15.000000 
10.800000 -5.000000 15.000000 
10.700000 -5.000000 15.000000 
10.600000 -5.000000 15.000000 
10.500000 -5.000000 15.000000 
10.400000 -5.000000 15.000000 
10.300000 -5.000000 15.000000 
10.200000 -5.000000 15.000000 
10.100000 -5.000000 15.000000 
10.000000 -5.000000 15.000000 
